0.6779357548480284
0.0056918355531764275
0.6531344217994233
0.862468308739752
0.513981111277933
0.5655675376565699
0.569698495876735
0.36127604822980885
0.45854800863031586
0.2707688448341036
0.7546707865594171
0.20964596885702091
0.9621030815080917
0.8173582241364504
0.09734044281247245
0.5340070705834518
0.05831416259272626
0.3159050911674778
0.7855449888878966
0.010405658177740307
0.6619778989163203
0.01811037896611223
0.19882240364089698
0.34549462747411763
0.7805328110581597
0.49340787401150243
0.3284697276474625
0.40503924353474685
0.7469180727014743
0.2208101062835064
0.23277184983366805
0.2839518738574658
0.04048674593849899
0.7180620308690332
0.6688180155717289
0.6028326182608976
0.24593219356773788
0.14161502940236015
0.4446105701306502
0.6644878704458508
0.9731162258294717
0.9347725511037858
0.8664963674938424
0.4146677431382507
0.9606895355966883
0.5508805121880421
0.045612145037730034
0.8320901480160652
0.2466100729532773
0.24238281262102002
0.8242931816492688
0.17824283894486836
0.5074808958580249
0.04008325272046853
0.35146179363685803
0.017876093260843717
0.29715395194573613
0.5733596724852804
0.7571407024658737
0.485742055156291
0.6503508658398506
0.4033803861081401
0.2766291094656447
0.20941651895155744
0.6716029080568078
0.3381208875647935
0.9470195580997254
0.7081201406428008
0.29705556646419207
0.869362416087027
0.26204021407123357
0.7239635941162311
0.2078857601941254
0.28983812985404445
0.20300895567303223
0.34101343312159094
0.6049871526498075
0.08465443021052266
0.40693577217626775
0.056711021982716714
0.788595119085155
0.05435807840770612
0.40562301350782737
0.9801689800035596
0.24663441197261615
0.5486128516032014
0.9470952017530435
0.28991165603513314
0.4022436361960269
0.8024978867042084
0.5311504550695829
0.41367517807164733
0.9888003537088079
0.060524198265360374
0.913014657233847
0.3829692529790396
0.6654590322079681
0.019605708557090318
0.9343370206369097
0.666043725463164
